177,22	81,92
177,44	81,92
177,66	81,92
177,88	133,12
178,10	106,49
178,32	126,97
178,54	180,22
178,76	143,36
178,98	167,93
179,20	143,36
179,42	81,92
179,64	149,50
179,86	204,80
180,08	67,58
180,30	94,21
180,52	90,11
180,74	167,93
180,96	194,56
181,18	69,63
181,40	145,41
181,61	139,26
181,83	112,64
182,05	61,44
182,27	129,02
182,49	155,65
182,71	169,98
182,93	94,21
183,15	129,02
183,37	159,74
183,59	131,07
183,81	225,28
184,03	147,45
184,25	133,12
184,47	141,31
184,69	235,52
184,90	223,23
185,12	100,35
185,34	92,16
185,56	147,45
185,78	55,30
186,00	59,39
186,22	212,99
186,44	227,32
186,66	159,74
186,88	106,49
187,10	65,53
187,32	227,32
187,53	135,17
187,75	188,41
187,97	221,18
188,19	122,88
188,41	137,21
188,63	163,84
188,85	122,88
189,07	249,85
189,29	180,22
189,51	161,79
189,73	169,98
189,94	96,25
190,16	149,50
190,38	112,64
190,60	124,93
190,82	36,86
191,04	92,16
191,26	161,79
191,48	92,16
191,70	190,46
191,92	94,21
192,13	133,12
192,35	161,79
192,57	110,59
192,79	208,89
193,01	204,80
193,23	77,82
193,45	124,93
193,67	126,97
193,89	155,65
194,10	260,09
194,32	83,97
194,54	98,30
194,76	208,89
194,98	88,06
195,20	184,32
195,42	153,60
195,64	124,93
195,85	219,13
196,07	86,01
196,29	43,01
196,51	219,13
196,73	145,41
196,95	86,01
197,17	135,17
197,39	167,93
197,60	264,19
197,82	137,21
198,04	22,53
198,26	75,77
198,48	126,97
198,70	122,88
198,92	120,83
199,13	167,93
199,35	210,94
199,57	147,45
199,79	96,25
200,01	43,01
200,23	120,83
200,45	172,03
200,66	204,80
200,88	98,30
201,10	104,45
201,32	188,41
201,54	208,89
201,76	135,17
201,98	77,82
202,19	133,12
202,41	120,83
202,63	182,27
202,85	198,65
203,07	180,22
203,29	100,35
203,50	61,44
203,72	28,67
203,94	235,52
204,16	139,26
204,38	174,08
204,60	75,77
204,81	106,49
205,03	51,20
205,25	217,08
205,47	165,89
205,69	165,89
205,91	83,97
206,12	151,55
206,34	98,30
206,56	167,93
206,78	194,56
207,00	221,18
207,22	40,96
207,43	161,79
207,65	71,68
207,87	73,73
208,09	137,21
208,31	210,94
208,52	116,73
208,74	55,30
208,96	59,39
209,18	155,65
209,40	102,40
209,62	122,88
209,83	110,59
210,05	118,78
210,27	190,46
210,49	77,82
210,71	176,13
210,92	243,71
211,14	251,90
211,36	184,32
211,58	77,82
211,80	204,80
212,01	165,89
212,23	143,36
212,45	370,68
212,67	165,89
212,89	169,98
213,10	153,60
213,32	204,80
213,54	270,33
213,76	96,25
213,98	239,61
214,19	198,65
214,41	221,18
214,63	114,69
214,85	270,33
215,06	260,09
215,28	192,51
215,50	145,41
215,72	118,78
215,94	251,90
216,15	149,50
216,37	155,65
216,59	155,65
216,81	176,13
217,02	157,69
217,24	163,84
217,46	131,07
217,68	135,17
217,90	141,31
218,11	229,37
218,33	202,75
218,55	204,80
218,77	305,15
218,98	141,31
219,20	227,32
219,42	129,02
219,64	161,79
219,85	126,97
220,07	120,83
220,29	165,89
220,51	133,12
220,72	176,13
220,94	163,84
221,16	131,07
221,38	98,30
221,59	159,74
221,81	69,63
222,03	169,98
222,25	124,93
222,46	172,03
222,68	233,47
222,90	217,08
223,12	237,56
223,33	163,84
223,55	141,31
223,77	172,03
223,99	186,37
224,20	157,69
224,42	165,89
224,64	233,47
224,86	139,26
225,07	133,12
225,29	245,76
225,51	229,37
225,73	366,59
225,94	303,10
226,16	321,53
226,38	264,19
226,59	217,08
226,81	239,61
227,03	182,27
227,25	172,03
227,46	165,89
227,68	176,13
227,90	186,37
228,11	149,50
228,33	124,93
228,55	182,27
228,77	192,51
228,98	100,35
229,20	202,75
229,42	249,85
229,63	112,64
229,85	122,88
230,07	120,83
230,29	102,40
230,50	159,74
230,72	120,83
230,94	172,03
231,15	126,97
231,37	69,63
231,59	245,76
231,81	159,74
232,02	231,42
232,24	102,40
232,46	249,85
232,67	178,17
232,89	147,45
233,11	258,04
233,32	335,87
233,54	251,90
233,76	147,45
233,98	143,36
234,19	225,28
234,41	186,37
234,63	360,44
234,84	272,38
235,06	243,71
235,28	172,03
235,49	442,36
235,71	382,97
235,93	350,20
236,14	425,98
236,36	256,00
236,58	428,03
236,79	319,48
237,01	233,47
237,23	229,37
237,44	133,12
237,66	137,21
237,88	159,74
238,09	129,02
238,31	212,99
238,53	108,54
238,74	90,11
238,96	258,04
239,18	94,21
239,39	139,26
239,61	163,84
239,83	176,13
240,04	286,72
240,26	141,31
240,48	69,63
240,69	231,42
240,91	129,02
241,13	241,66
241,34	231,42
241,56	112,64
241,78	231,42
241,99	260,09
242,21	157,69
242,43	188,41
242,64	190,46
242,86	165,89
243,08	186,37
243,29	217,08
243,51	256,00
243,72	305,15
243,94	280,57
244,16	288,76
244,37	292,86
244,59	366,59
244,81	280,57
245,02	260,09
245,24	450,55
245,46	348,15
245,67	333,82
245,89	348,15
246,10	501,75
246,32	419,83
246,54	411,64
246,75	389,11
246,97	430,07
247,19	477,18
247,40	399,35
247,62	417,79
247,83	342,01
248,05	247,80
248,27	239,61
248,48	258,04
248,70	282,62
248,92	280,57
249,13	344,06
249,35	294,91
249,56	348,15
249,78	278,52
250,00	227,32
250,21	202,75
250,43	200,70
250,64	108,54
250,86	161,79
251,08	120,83
251,29	147,45
251,51	268,28
251,72	126,97
251,94	178,17
252,16	245,76
252,37	210,94
252,59	301,05
252,80	96,25
253,02	219,13
253,24	206,84
253,45	182,27
253,67	339,96
253,88	331,77
254,10	145,41
254,32	309,24
254,53	280,57
254,75	272,38
254,96	358,39
255,18	219,13
255,39	288,76
255,61	210,94
255,83	243,71
256,04	256,00
256,26	217,08
256,47	313,34
256,69	282,62
256,90	331,77
257,12	223,23
257,34	278,52
257,55	337,91
257,77	344,06
257,98	335,87
258,20	350,20
258,41	419,83
258,63	462,84
258,85	440,31
259,06	358,39
259,28	309,24
259,49	296,96
259,71	372,73
259,92	188,41
260,14	55,30
260,36	194,56
260,57	149,50
260,79	233,47
261,00	223,23
261,22	196,61
261,43	245,76
261,65	208,89
261,86	229,37
262,08	210,94
262,29	233,47
262,51	155,65
262,73	262,14
262,94	194,56
263,16	182,27
263,37	223,23
263,59	212,99
263,80	268,28
264,02	143,36
264,23	210,94
264,45	229,37
264,66	124,93
264,88	167,93
265,09	145,41
265,31	143,36
265,53	278,52
265,74	190,46
265,96	192,51
266,17	159,74
266,39	317,44
266,60	327,67
266,82	231,42
267,03	305,15
267,25	342,01
267,46	266,24
267,68	196,61
267,89	262,14
268,11	143,36
268,32	184,32
268,54	202,75
268,75	227,32
268,97	163,84
269,18	192,51
269,40	327,67
269,61	233,47
269,83	256,00
270,04	276,48
270,26	325,63
270,47	313,34
270,69	305,15
270,90	272,38
271,12	417,79
271,33	362,49
271,55	387,07
271,76	317,44
271,98	327,67
272,19	237,56
272,41	352,25
272,62	176,13
272,84	202,75
273,05	239,61
273,27	305,15
273,48	233,47
273,70	77,82
273,91	221,18
274,13	188,41
274,34	151,55
274,56	192,51
274,77	149,50
274,99	272,38
275,20	251,90
275,42	192,51
275,63	253,95
275,85	221,18
276,06	208,89
276,28	235,52
276,49	159,74
276,71	249,85
276,92	258,04
277,13	188,41
277,35	133,12
277,56	184,32
277,78	219,13
277,99	258,04
278,21	274,43
278,42	280,57
278,64	198,65
278,85	227,32
279,07	223,23
279,28	317,44
279,50	233,47
279,71	284,67
279,92	423,93
280,14	303,10
280,35	358,39
280,57	372,73
280,78	475,13
281,00	438,27
281,21	520,18
281,43	489,46
281,64	550,90
281,85	645,11
282,07	772,08
282,28	817,14
282,50	792,56
282,71	817,14
282,93	559,10
283,14	382,97
283,36	270,33
283,57	348,15
283,78	354,30
284,00	290,81
284,21	362,49
284,43	315,39
284,64	362,49
284,86	249,85
285,07	282,62
285,28	315,39
285,50	311,29
285,71	290,81
285,93	190,46
286,14	217,08
286,36	206,84
286,57	184,32
286,78	163,84
287,00	167,93
287,21	270,33
287,43	262,14
287,64	215,04
287,85	94,21
288,07	303,10
288,28	251,90
288,50	198,65
288,71	274,43
288,92	274,43
289,14	356,35
289,35	202,75
289,57	221,18
289,78	227,32
290,00	317,44
290,21	247,80
290,42	313,34
290,64	182,27
290,85	272,38
291,06	292,86
291,28	278,52
291,49	303,10
291,71	266,24
291,92	290,81
292,13	315,39
292,35	258,04
292,56	346,11
292,78	217,08
292,99	282,62
293,20	313,34
293,42	507,90
293,63	571,38
293,85	679,93
294,06	956,40
294,27	1159,15
294,49	1515,50
294,70	2099,17
294,91	2482,14
295,13	2627,54
295,34	2936,79
295,55	3049,43
295,77	3356,62
295,98	3141,58
296,20	2891,73
296,41	2752,47
296,62	2508,76
296,84	2140,13
297,05	2260,96
297,26	2367,45
297,48	2365,40
297,69	2119,65
297,90	1609,70
298,12	1124,33
298,33	704,50
298,55	544,76
298,76	395,26
298,97	403,45
299,19	382,97
299,40	456,70
299,61	339,96
299,83	270,33
300,04	366,59
300,25	249,85
300,47	350,20
300,68	475,13
300,89	516,09
301,11	436,22
301,32	419,83
301,53	370,68
301,75	333,82
301,96	258,04
302,17	303,10
302,39	305,15
302,60	290,81
302,81	231,42
303,03	301,05
303,24	331,77
303,45	270,33
303,67	251,90
303,88	313,34
304,09	227,32
304,31	278,52
304,52	208,89
304,73	272,38
304,95	264,19
305,16	276,48
305,37	288,76
305,59	280,57
305,80	344,06
306,01	354,30
306,23	458,74
306,44	471,03
306,65	423,93
306,86	483,32
307,08	495,61
307,29	720,88
307,50	694,26
307,72	706,55
307,93	804,85
308,14	741,36
308,36	743,41
308,57	763,89
308,78	727,03
308,99	987,12
309,21	1021,94
309,42	1073,14
309,63	1292,27
309,85	1421,29
310,06	1568,74
310,27	1789,92
310,48	1859,56
310,70	1988,58
310,91	2308,06
311,12	2678,74
311,34	3024,85
311,55	2883,54
311,76	2850,77
311,97	2770,90
312,19	2648,02
312,40	2693,08
312,61	3180,50
312,83	4169,66
313,04	5150,64
313,25	5271,47
313,46	5246,90
313,68	5027,76
313,89	4757,43
314,10	4331,45
314,31	3907,52
314,53	4054,98
314,74	4603,83
314,95	5324,72
315,17	6821,78
315,38	9135,99
315,59	11886,41
315,80	12447,55
316,02	11470,67
316,23	9324,40
316,44	6829,98
316,65	3930,05
316,87	2097,12
317,08	1277,93
317,29	1044,46
317,50	854,00
317,72	661,49
317,93	665,59
318,14	534,52
318,35	526,33
318,57	489,46
318,78	595,96
318,99	673,78
319,20	534,52
319,42	536,57
319,63	473,08
319,84	505,85
320,05	444,41
320,26	403,45
320,48	532,47
320,69	397,31
320,90	444,41
321,11	380,92
321,33	405,50
321,54	440,31
321,75	370,68
321,96	350,20
322,18	456,70
322,39	511,99
322,60	301,05
322,81	401,40
323,02	364,54
323,24	479,22
323,45	256,00
323,66	348,15
323,87	569,34
324,08	1050,61
324,30	1607,66
324,51	2045,92
324,72	2367,45
324,93	2277,34
325,15	2113,50
325,36	1501,16
325,57	1155,05
325,78	1112,05
325,99	1081,33
326,21	1224,69
326,42	1333,23
326,63	1482,73
326,84	1990,63
327,05	2222,05
327,26	2166,75
327,48	2613,21
327,69	2797,53
327,90	2869,20
328,11	2731,99
328,32	2555,86
328,54	2643,93
328,75	2545,63
328,96	2207,71
329,17	2258,91
329,38	2263,01
329,60	2066,40
329,81	1789,92
330,02	1646,57
330,23	1648,61
330,44	1740,77
330,65	1585,13
330,87	1572,84
331,08	1454,06
331,29	1124,33
331,50	991,22
331,71	905,20
331,92	952,31
332,14	894,96
332,35	903,15
332,56	1099,76
332,77	1222,64
332,98	1236,97
333,19	1425,39
333,41	1644,52
333,62	1812,45
333,83	1941,47
334,04	1935,33
334,25	2099,17
334,46	2193,37
334,68	2375,64
334,89	2705,37
335,10	3712,97
335,31	4880,31
335,52	6043,56
335,73	7985,03
335,94	9901,93
336,16	12304,20
336,37	15638,29
336,58	19646,16
336,79	20936,38
337,00	19941,07
337,21	17876,72
337,42	14335,78
337,64	8886,14
337,85	4972,47
338,06	3323,85
338,27	2230,24
338,48	1699,81
338,69	1263,60
338,90	933,87
339,11	862,19
339,33	798,71
339,54	792,56
339,75	739,32
339,96	753,65
340,17	632,82
340,38	591,86
340,59	528,38
340,80	507,90
341,02	487,42
341,23	538,62
341,44	501,75
341,65	405,50
341,86	485,37
342,07	507,90
342,28	380,92
342,49	444,41
342,70	487,42
342,92	391,16
343,13	358,39
343,34	511,99
343,55	419,83
343,76	450,55
343,97	477,18
344,18	460,79
344,39	481,27
344,60	493,56
344,81	366,59
345,02	505,85
345,24	491,51
345,45	432,12
345,66	493,56
345,87	550,90
346,08	548,86
346,29	581,62
346,50	620,53
346,71	462,84
346,92	561,14
347,13	405,50
347,34	526,33
347,55	522,23
347,77	567,29
347,98	645,11
348,19	761,84
348,40	722,93
348,61	737,27
348,82	917,49
349,03	1030,13
349,24	1351,66
349,45	1435,63
349,66	1697,77
349,87	1781,73
350,08	1628,14
350,29	1646,57
350,50	1425,39
350,72	1411,05
350,93	1552,36
351,14	1865,70
351,35	2164,70
351,56	2430,94
351,77	3041,23
351,98	3348,43
352,19	3946,44
352,40	4945,84
352,61	5846,95
352,82	7133,08
353,03	8658,81
353,24	9772,91
353,45	9883,50
353,66	9033,59
353,87	8497,02
354,08	7217,04
354,29	6129,57
354,50	5676,97
354,71	5597,10
354,92	5769,13
355,13	5814,18
355,35	5855,14
355,56	5957,54
355,77	7305,10
355,98	8779,64
356,19	9836,39
356,40	11011,93
356,61	12695,36
356,82	14137,13
357,03	16858,88
357,24	17696,50
357,45	17624,82
357,66	17538,80
357,87	16404,23
358,08	12914,49
358,29	9043,83
358,50	6799,26
358,71	4292,54
358,92	2664,41
359,13	1884,13
359,34	1372,14
359,55	1124,33
359,76	897,01
359,97	798,71
360,18	743,41
360,39	716,79
360,60	620,53
360,81	663,54
361,02	612,34
361,23	565,24
361,44	643,06
361,65	571,38
361,86	653,30
362,07	555,00
362,28	587,77
362,49	569,34
362,70	460,79
362,91	532,47
363,12	493,56
363,33	620,53
363,54	587,77
363,75	645,11
363,96	745,46
364,17	653,30
364,38	587,77
364,59	595,96
364,80	538,62
365,01	573,43
365,22	659,45
365,43	690,17
365,64	630,77
365,85	698,36
366,05	819,19
366,26	870,39
366,47	1030,13
366,68	1185,77
366,89	1175,53
367,10	1150,96
367,31	1173,49
367,52	919,54
367,73	735,22
367,94	620,53
368,15	653,30
368,36	573,43
368,57	622,58
368,78	645,11
368,99	690,17
369,20	790,52
369,41	1021,94
369,62	1234,93
369,83	1427,43
370,04	1671,14
370,25	2013,15
370,46	2516,95
370,66	2723,80
370,87	2404,32
371,08	2463,71
371,29	2078,69
371,50	1587,18
371,71	1173,49
371,92	980,98
372,13	911,35
372,34	925,68
372,55	897,01
372,76	1050,61
372,97	1261,55
373,18	1247,21
373,39	1488,87
373,60	1619,94
373,80	1959,91
374,01	2365,40
374,22	2680,79
374,43	3276,75
374,64	4007,87
374,85	4851,64
375,06	5699,50
375,27	5400,49
375,48	5216,18
375,69	4587,45
375,90	3438,54
376,10	2160,61
376,31	1404,91
376,52	1083,38
376,73	978,93
376,94	794,61
377,15	815,09
377,36	710,65
377,57	954,35
377,78	1060,85
377,99	1200,11
378,20	1230,83
378,40	1601,51
378,61	1824,74
378,82	2279,39
379,03	2473,95
379,24	3045,33
379,45	3461,07
379,66	4202,43
379,87	5273,52
380,08	5926,82
380,28	5679,02
380,49	5396,40
380,70	4538,30
380,91	3114,96
381,12	2095,07
381,33	1286,12
381,54	1077,23
381,75	808,95
381,95	733,17
382,16	663,54
382,37	675,83
382,58	618,49
382,79	686,07
383,00	677,88
383,21	794,61
383,41	772,08
383,62	878,58
383,83	888,82
384,04	964,59
384,25	929,78
384,46	1183,73
384,67	1222,64
384,87	1447,91
385,08	1525,74
385,29	1759,21
385,50	1757,16
385,71	1886,18
385,92	2004,96
386,13	1902,56
386,33	2039,78
386,54	1966,05
386,75	2299,87
386,96	2539,48
387,17	2832,34
387,38	2938,84
387,58	3407,82
387,79	4286,40
388,00	4986,80
388,21	5455,79
388,42	5930,92
388,63	6348,70
388,83	6404,00
389,04	6410,14
389,25	7034,77
389,46	7585,68
389,67	8591,23
389,88	9553,77
390,08	10520,42
390,29	10936,15
390,50	11794,25
390,71	14788,38
390,92	19617,49
391,13	20461,26
391,33	20799,17
391,54	19101,40
391,75	16310,02
391,96	10194,79
392,17	6164,39
392,37	4001,73
392,58	2938,84
392,79	2359,26
393,00	2271,20
393,21	1980,39
393,41	1945,57
393,62	2222,05
393,83	2256,86
394,04	2242,53
394,25	1998,82
394,45	1875,94
394,66	1464,30
394,87	1050,61
395,08	880,63
395,29	700,41
395,49	589,81
395,70	571,38
395,91	628,73
396,12	643,06
396,33	550,90
396,53	651,25
396,74	622,58
396,95	628,73
397,16	714,74
397,36	745,46
397,57	933,87
397,78	923,63
397,99	1124,33
398,20	1095,66
398,40	1392,62
398,61	1564,65
398,82	1931,23
399,03	2179,04
399,23	2770,90
399,44	2809,81
399,65	2758,61
399,86	2570,20
400,06	2060,26
400,27	1538,02
400,48	956,40
400,69	774,13
400,89	571,38
401,10	507,90
401,31	442,36
401,52	487,42
401,72	411,64
401,93	483,32
402,14	516,09
402,35	446,46
402,55	493,56
402,76	432,12
402,97	497,66
403,18	503,80
403,38	466,94
403,59	696,31
403,80	714,74
404,01	751,60
404,21	862,19
404,42	866,29
404,63	1146,86
404,84	1294,32
405,04	1300,46
405,25	1882,08
405,46	1933,28
405,66	1910,75
405,87	1949,67
406,08	1658,85
406,29	1464,30
406,49	933,87
406,70	755,70
406,91	548,86
407,12	540,66
407,32	430,07
407,53	458,75
407,74	628,73
407,94	555,00
408,15	485,37
408,36	559,10
408,57	688,12
408,77	647,16
408,98	608,25
409,19	770,04
409,39	679,93
409,60	729,08
409,81	610,29
410,01	571,38
410,22	405,50
410,43	475,13
410,64	548,86
410,84	454,65
411,05	557,05
411,26	557,05
411,46	499,70
411,67	516,09
411,88	499,70
412,08	634,87
412,29	593,91
412,50	698,36
412,70	735,22
412,91	755,70
413,12	806,90
413,32	991,22
413,53	1155,05
413,74	1216,49
413,94	1322,99
414,15	1157,10
414,36	1212,40
414,56	987,12
414,77	765,94
414,98	786,42
415,18	718,84
415,39	638,97
415,60	753,65
415,80	837,62
416,01	970,74
416,22	995,31
416,42	989,17
416,63	1136,62
416,84	1034,22
417,04	1167,34
417,25	1048,56
417,46	1089,52
417,66	1208,30
417,87	1249,26
418,08	1191,92
418,28	1249,26
418,49	1490,92
418,70	1654,76
418,90	1662,95
419,11	1787,88
419,31	2396,12
419,52	2752,47
419,73	2953,17
419,93	2912,21
420,14	2844,63
420,35	2484,19
420,55	1675,24
420,76	1583,08
420,97	1296,36
421,17	1366,00
421,38	1460,20
421,58	1572,84
421,79	1705,96
422,00	1814,50
422,20	2035,68
422,41	2125,79
422,62	2275,29
422,82	2684,89
423,03	3399,63
423,23	3956,68
423,44	3854,28
423,65	4052,93
423,85	4046,79
424,06	3504,07
424,26	2463,71
424,47	2238,43
424,68	1994,72
424,88	2105,31
425,09	2056,16
425,29	2301,92
425,50	2869,20
425,71	2910,16
425,91	3528,65
426,12	3829,70
426,32	4403,13
426,53	4499,39
426,74	4829,11
426,94	5048,24
427,15	6385,57
427,35	7270,29
427,56	7569,29
427,77	7227,28
427,97	6948,76
428,18	5646,25
428,38	3547,08
428,59	2103,26
428,79	1437,67
429,00	1036,27
429,21	802,80
429,41	647,16
429,62	616,44
429,82	462,84
430,03	448,51
430,23	419,83
430,44	260,09
430,65	432,12
430,85	245,76
431,06	296,96
431,26	323,58
431,47	325,63
431,67	378,87
431,88	450,55
432,09	391,16
432,29	270,33
432,50	395,26
432,70	399,35
432,91	522,23
433,11	612,34
433,32	436,22
433,52	516,09
433,73	645,11
433,93	714,74
434,14	767,99
434,35	839,67
434,55	792,56
434,76	735,22
434,96	645,11
435,17	526,33
435,37	538,62
435,58	456,70
435,78	448,51
435,99	436,22
436,19	258,04
436,40	276,48
436,60	325,63
436,81	174,08
437,02	299,00
437,22	276,48
437,43	219,13
437,63	372,73
437,84	188,41
438,04	208,89
438,25	251,90
438,45	221,18
438,66	258,04
438,86	280,57
439,07	270,33
439,27	296,96
439,48	301,05
439,68	303,10
439,89	382,97
440,09	432,12
440,30	391,16
440,50	317,44
440,71	372,73
440,91	438,27
441,12	471,03
441,32	524,28
441,53	442,36
441,73	587,77
441,94	303,10
442,14	303,10
442,35	378,87
442,55	321,53
442,76	333,82
442,96	268,28
443,17	358,39
443,37	276,48
443,58	256,00
443,78	294,91
443,99	389,11
444,19	229,37
444,39	210,94
444,60	282,62
444,80	372,73
445,01	346,11
445,21	319,48
445,42	372,73
445,62	444,41
445,83	370,68
446,03	489,46
446,24	522,23
446,44	464,89
446,65	468,98
446,85	483,32
447,06	573,43
447,26	403,45
447,46	423,93
447,67	555,00
447,87	526,33
448,08	583,67
448,28	788,47
448,49	628,73
448,69	755,70
448,90	690,17
449,10	673,78
449,31	552,95
449,51	524,28
449,71	411,64
449,92	333,82
450,12	399,35
450,33	405,50
450,53	337,91
450,74	567,29
450,94	499,70
451,14	511,99
451,35	454,65
451,55	557,05
451,76	567,29
451,96	446,46
452,17	464,89
452,37	366,59
452,57	448,51
452,78	421,88
452,98	460,79
453,19	483,32
453,39	555,00
453,60	473,08
453,80	548,86
454,00	358,39
454,21	481,27
454,41	587,77
454,62	557,05
454,82	815,09
455,02	714,74
455,23	829,43
455,43	763,89
455,64	808,95
455,84	665,59
456,04	509,94
456,25	643,06
456,45	581,62
456,66	659,45
456,86	614,39
457,06	708,60
457,27	647,16
457,47	673,78
457,68	653,30
457,88	632,82
458,08	737,27
458,29	593,91
458,49	630,77
458,69	612,34
458,90	729,08
459,10	694,26
459,31	913,39
459,51	1179,63
459,71	1081,33
459,92	1118,19
460,12	1181,68
460,32	966,64
460,53	778,23
460,73	595,96
460,94	511,99
461,14	460,79
461,34	428,03
461,55	575,48
461,75	380,92
461,95	542,71
462,16	540,66
462,36	624,63
462,56	772,08
462,77	690,17
462,97	686,07
463,17	817,14
463,38	819,19
463,58	890,87
463,78	995,31
463,99	923,63
464,19	1009,65
464,40	1226,73
464,60	1533,93
464,80	1597,42
465,01	1734,63
465,21	1679,33
465,41	1470,44
465,62	1212,40
465,82	1060,85
466,02	811,00
466,23	667,64
466,43	638,97
466,63	487,42
466,84	464,89
467,04	403,45
467,24	413,69
467,44	407,55
467,65	520,18
467,85	583,67
468,05	583,67
468,26	559,10
468,46	624,63
468,66	772,08
468,87	790,52
469,07	847,86
469,27	821,24
469,48	972,79
469,68	954,35
469,88	946,16
470,09	1110,00
470,29	1298,41
470,49	1751,01
470,69	1675,24
470,90	1732,58
471,10	1667,05
471,30	1361,90
471,51	1028,08
471,71	794,61
471,91	636,92
472,11	497,66
472,32	481,27
472,52	276,48
472,72	407,55
472,93	339,96
473,13	239,61
473,33	274,43
473,53	270,33
473,74	163,84
473,94	116,73
474,14	266,24
474,35	284,67
474,55	161,79
474,75	147,45
474,95	206,84
475,16	296,96
475,36	317,44
475,56	319,48
475,76	233,47
475,97	223,23
476,17	223,23
476,37	212,99
476,58	221,18
476,78	251,90
476,98	108,54
477,18	290,81
477,39	276,48
477,59	204,80
477,79	133,12
477,99	145,41
478,20	346,11
478,40	305,15
478,60	262,14
478,80	221,18
479,01	262,14
479,21	249,85
479,41	294,91
479,61	395,26
479,81	159,74
480,02	239,61
480,22	245,76
480,42	278,52
480,62	389,11
480,83	389,11
481,03	344,06
481,23	323,58
481,43	382,97
481,64	434,17
481,84	299,00
482,04	311,29
482,24	294,91
482,44	241,66
482,65	233,47
482,85	331,77
483,05	278,52
483,25	301,05
483,45	221,18
483,66	235,52
483,86	235,52
484,06	225,28
484,26	196,61
484,47	247,80
484,67	352,25
484,87	280,57
485,07	368,63
485,27	339,96
485,47	327,67
485,68	378,87
485,88	391,16
486,08	395,26
486,28	370,68
486,48	425,98
486,69	417,79
486,89	397,31
487,09	389,11
487,29	387,07
487,49	360,44
487,70	468,98
487,90	436,22
488,10	421,88
488,30	456,70
488,50	413,69
488,70	503,80
488,91	456,70
489,11	323,58
489,31	354,30
489,51	329,72
489,71	385,02
489,91	387,07
490,12	387,07
490,32	458,74
490,52	352,25
490,72	524,28
490,92	604,15
491,12	501,75
491,33	538,62
491,53	587,77
491,73	563,19
491,93	524,28
492,13	454,65
492,33	442,36
492,53	303,10
492,74	415,74
492,94	372,73
493,14	362,49
493,34	378,87
493,54	372,73
493,74	397,31
493,94	385,02
494,15	425,98
494,35	368,63
494,55	411,64
494,75	432,12
494,95	284,67
495,15	468,98
495,35	555,00
495,56	468,98
495,76	548,86
495,96	497,66
496,16	440,31
496,36	360,44
496,56	423,93
496,76	317,44
496,96	391,16
497,16	421,88
497,37	303,10
497,57	360,44
497,77	266,24
497,97	260,09
498,17	339,96
498,37	299,00
498,57	333,82
498,77	360,44
498,97	284,67
499,18	315,39
499,38	284,67
499,58	397,31
499,78	454,65
499,98	606,20
500,18	684,02
500,38	620,53
500,58	811,00
500,78	757,75
500,98	784,37
501,18	733,17
501,39	655,35
501,59	657,40
501,79	546,81
501,99	423,93
502,19	428,03
502,39	487,42
502,59	327,67
502,79	532,47
502,99	452,60
503,19	346,11
503,39	366,59
503,59	348,15
503,79	372,73
504,00	333,82
504,20	473,08
504,40	505,85
504,60	468,98
504,80	505,85
505,00	520,18
505,20	401,40
505,40	456,70
505,60	501,75
505,80	481,27
506,00	489,46
506,20	514,04
506,40	587,77
506,60	503,80
506,80	559,10
507,00	696,31
507,20	718,84
507,40	851,95
507,60	856,05
507,81	749,56
508,01	616,44
508,21	593,91
508,41	456,70
508,61	428,03
508,81	442,36
509,01	360,44
509,21	409,59
509,41	352,25
509,61	397,31
509,81	454,65
510,01	479,22
510,21	593,91
510,41	585,72
510,61	700,41
510,81	671,73
511,01	440,31
511,21	528,38
511,41	557,05
511,61	460,79
511,81	434,17
512,01	432,12
512,21	372,73
512,41	366,59
512,61	532,47
512,81	522,23
513,01	577,53
513,21	536,57
513,41	555,00
513,61	520,18
513,81	618,49
514,01	655,35
514,21	813,04
514,41	819,19
514,61	948,21
514,81	1075,18
515,01	1296,36
515,21	1120,24
515,41	1107,95
515,61	1099,76
515,81	1075,18
516,01	905,20
516,21	772,08
516,41	700,41
516,61	692,21
516,81	716,79
517,01	604,15
517,21	620,53
517,41	657,40
517,61	710,65
517,81	708,60
518,01	661,49
518,21	686,07
518,40	600,05
518,60	559,10
518,80	614,39
519,00	698,36
519,20	671,73
519,40	630,77
519,60	702,45
519,80	669,69
520,00	565,24
520,20	524,28
520,40	780,28
520,60	555,00
520,80	647,16
521,00	618,49
521,20	831,48
521,40	1210,35
521,60	1445,87
521,80	1501,16
522,00	1531,88
522,19	1714,15
522,39	1304,56
522,59	1218,54
522,79	1269,74
522,99	892,91
523,19	692,21
523,39	577,53
523,59	503,80
523,79	448,51
523,99	489,46
524,19	434,17
524,39	354,30
524,59	323,58
524,79	278,52
524,98	231,42
525,18	241,66
525,38	305,15
525,58	393,21
525,78	229,37
525,98	225,28
526,18	284,67
526,38	274,43
526,58	219,13
526,78	319,48
526,97	251,90
527,17	319,48
527,37	346,11
527,57	221,18
527,77	329,72
527,97	329,72
528,17	274,43
528,37	387,07
528,57	309,24
528,77	350,20
528,96	323,58
529,16	321,53
529,36	309,24
529,56	397,31
529,76	372,73
529,96	344,06
530,16	430,07
530,36	446,46
530,55	335,87
530,75	309,24
530,95	497,66
531,15	376,83
531,35	282,62
531,55	501,75
531,75	393,21
531,94	421,88
532,14	389,11
532,34	421,88
532,54	622,58
532,74	475,13
532,94	421,88
533,14	442,36
533,33	462,84
533,53	489,46
533,73	632,82
533,93	555,00
534,13	595,96
534,33	755,70
534,53	751,60
534,72	778,23
534,92	862,19
535,12	841,72
535,32	1007,60
535,52	886,77
535,72	960,50
535,91	964,59
536,11	999,41
536,31	1005,55
536,51	1048,56
536,71	1097,71
536,91	1120,24
537,10	1052,66
537,30	1189,87
537,50	1169,39
537,70	993,26
537,90	1075,18
538,09	1075,18
538,29	1128,43
538,49	1153,01
538,69	1214,45
538,89	1253,36
539,09	1126,38
539,28	1181,68
539,48	1165,29
539,68	1097,71
539,88	1210,35
540,08	1294,32
540,27	1282,03
540,47	1255,40
540,67	1173,49
540,87	1277,93
541,07	1073,14
541,26	1081,33
541,46	1140,72
541,66	1181,68
541,86	1200,11
542,05	1048,56
542,25	1044,46
542,45	1077,23
542,65	1126,38
542,85	991,22
543,04	1028,08
543,24	972,79
543,44	911,35
543,64	1118,19
543,84	1091,57
544,03	1062,90
544,23	1110,00
544,43	997,36
544,63	925,68
544,82	972,79
545,02	1064,94
545,22	1003,50
545,42	976,88
545,61	917,49
545,81	997,36
546,01	1021,94
546,21	1011,70
546,40	929,78
546,60	1058,80
546,80	1087,47
547,00	1019,89
547,19	1058,80
547,39	999,41
547,59	1028,08
547,79	1073,14
547,98	1054,70
548,18	911,35
548,38	962,55
548,58	847,86
548,77	907,25
548,97	851,96
549,17	817,14
549,37	765,94
549,56	813,04
549,76	784,37
549,96	821,24
550,15	892,91
550,35	767,99
550,55	800,76
550,75	890,87
550,94	798,71
551,14	792,56
551,34	811,00
551,54	792,56
551,73	786,42
551,93	647,16
552,13	702,45
552,32	851,96
552,52	749,56
552,72	714,74
552,91	579,58
553,11	638,97
553,31	583,67
553,51	495,61
553,70	620,53
553,90	602,10
554,10	536,57
554,29	548,86
554,49	587,77
554,69	647,16
554,88	536,57
555,08	632,82
555,28	573,43
555,47	495,61
555,67	587,77
555,87	563,19
556,07	563,19
556,26	511,99
556,46	561,14
556,66	569,34
556,85	544,76
557,05	536,57
557,25	499,70
557,44	407,55
557,64	475,13
557,84	393,21
558,03	454,65
558,23	458,75
558,43	399,35
558,62	401,40
558,82	565,24
559,02	522,23
559,21	401,40
559,41	479,22
559,61	417,79
559,80	337,91
560,00	415,74
560,19	417,79
560,39	319,48
560,59	321,53
560,78	337,91
560,98	299,00
561,18	325,63
561,37	294,91
561,57	323,58
561,77	280,57
561,96	501,75
562,16	333,82
562,36	327,67
562,55	364,54
562,75	299,00
562,94	280,57
563,14	311,29
563,34	352,25
563,53	335,87
563,73	342,01
563,93	311,29
564,12	290,81
564,32	215,04
564,51	307,20
564,71	360,44
564,91	339,96
565,10	354,30
565,30	284,67
565,49	352,25
565,69	342,01
565,89	346,11
566,08	317,44
566,28	315,39
566,47	391,16
566,67	346,11
566,87	454,65
567,06	309,24
567,26	307,20
567,45	387,07
567,65	399,35
567,85	548,86
568,04	358,39
568,24	319,48
568,43	450,55
568,63	526,33
568,83	323,58
569,02	307,20
569,22	516,09
569,41	440,31
569,61	317,44
569,80	430,07
570,00	471,03
570,20	485,37
570,39	565,24
570,59	569,34
570,78	690,17
570,98	657,40
571,17	770,04
571,37	776,18
571,57	905,20
571,76	1030,13
571,96	1005,55
572,15	1226,73
572,35	1357,80
572,54	1656,81
572,74	1683,43
572,93	1802,21
573,13	1966,05
573,32	1953,76
573,52	2056,16
573,72	2076,64
573,91	2166,75
574,11	2189,28
574,30	2187,23
574,50	2228,19
574,69	2342,88
574,89	2447,32
575,08	2453,47
575,28	2514,91
575,47	2299,87
575,67	2277,34
575,86	2056,16
576,06	1988,58
576,26	2007,01
576,45	2000,87
576,65	2158,56
576,84	2158,56
577,04	2103,26
577,23	2379,74
577,43	2539,48
577,62	2858,96
577,82	2832,34
578,01	3049,43
578,21	3080,14
578,40	3112,91
578,60	3217,36
578,79	3233,74
578,99	3254,22
579,18	3252,17
579,38	3313,61
579,57	3299,28
579,77	3217,36
579,96	3510,22
580,16	3311,57
580,35	3164,11
580,55	3008,47
580,74	2729,94
580,94	2742,23
581,13	2463,71
581,33	2461,66
581,52	2299,87
581,72	2230,24
581,91	2383,84
582,10	2418,65
582,30	2529,24
582,49	2828,24
582,69	2856,92
582,88	2979,79
583,08	3057,62
583,27	3162,06
583,47	3311,57
583,66	3237,84
583,86	3221,45
584,05	3282,89
584,25	3307,47
584,44	3358,67
584,64	3393,48
584,83	3477,45
585,02	3448,78
585,22	3194,83
585,41	3080,14
585,61	2996,18
585,80	2785,24
586,00	2621,40
586,19	2447,32
586,39	2312,16
586,58	2234,33
586,77	2291,68
586,97	2353,12
587,16	2478,04
587,36	2504,67
587,55	2621,40
587,75	2856,92
587,94	3084,24
588,14	3147,73
588,33	3217,36
588,52	3049,43
588,72	3084,24
588,91	3143,63
589,11	3127,25
589,30	3231,69
589,50	3272,65
589,69	3157,97
589,88	3178,45
590,08	3354,57
590,27	3375,05
590,47	3192,78
590,66	2918,36
590,85	2820,05
591,05	2635,74
591,24	2246,62
591,44	2201,57
591,63	2244,57
591,82	2111,46
592,02	1976,29
592,21	2193,37
592,41	2258,91
592,60	2160,61
592,79	2398,17
592,99	2650,07
593,18	2791,38
593,38	2828,24
593,57	2836,44
593,76	2928,60
593,96	3037,14
594,15	2873,30
594,34	2901,97
594,54	3145,68
594,73	3176,40
594,93	2881,49
595,12	3006,42
595,31	3104,72
595,51	3207,12
595,70	3112,91
595,89	2840,53
596,09	2699,22
596,28	2609,11
596,48	2287,58
596,67	2060,26
596,86	1972,19
597,06	1806,31
597,25	1779,68
597,44	1931,23
597,64	1822,69
597,83	1818,60
598,02	2027,49
598,22	2176,99
598,41	2191,33
598,60	2359,26
598,80	2512,86
598,99	2318,30
599,18	2555,87
599,38	2654,17
599,57	2521,05
599,76	2441,18
599,96	2449,37
600,15	2592,73
600,34	2662,36
600,54	2615,26
600,73	2750,42
600,92	2762,71
601,12	2666,46
601,31	2422,75
601,50	2344,92
601,70	2363,36
601,89	2107,36
602,08	1837,03
602,28	1728,49
602,47	1624,04
602,66	1589,22
602,86	1628,14
603,05	1654,76
603,24	1763,30
603,44	1861,60
603,63	1800,16
603,82	1943,52
604,01	2025,44
604,21	2336,73
604,40	2254,81
604,59	2320,35
604,79	2322,40
604,98	2271,20
605,17	2226,14
605,37	2363,36
605,56	2320,35
605,75	2355,16
605,94	2445,27
606,14	2320,35
606,33	2381,79
606,52	2457,56
606,72	2447,32
606,91	2299,87
607,10	2117,60
607,29	2097,12
607,49	1746,92
607,68	1552,36
607,87	1462,25
608,06	1341,42
608,26	1288,17
608,45	1257,45
608,64	1224,69
608,83	1128,43
609,03	1181,68
609,22	1173,49
609,41	1212,40
609,61	1253,36
609,80	1402,86
609,99	1351,66
610,18	1392,62
610,38	1396,71
610,57	1368,04
610,76	1378,28
610,95	1431,53
611,15	1478,63
611,34	1458,15
611,53	1320,94
611,72	1538,02
611,91	1499,11
612,11	1484,78
612,30	1429,48
612,49	1462,25
612,68	1435,63
612,88	1339,37
613,07	1136,62
613,26	1306,60
613,45	1097,71
613,65	1118,19
613,84	876,53
614,03	819,19
614,22	813,04
614,41	819,19
614,61	972,79
614,80	884,72
614,99	993,26
615,18	1007,60
615,37	1064,94
615,57	899,06
615,76	976,88
615,95	1112,05
616,14	1023,98
616,33	1165,29
616,53	1026,03
616,72	1081,33
616,91	978,93
617,10	1038,32
617,29	1032,18
617,49	1073,14
617,68	1212,40
617,87	1095,66
618,06	1095,66
618,25	1066,99
618,45	931,83
618,64	1099,76
618,83	995,31
619,02	958,45
619,21	907,25
619,40	888,82
619,60	843,76
619,79	819,19
619,98	825,33
620,17	702,45
620,36	755,70
620,55	638,97
620,75	905,20
620,94	770,04
621,13	987,12
621,32	970,74
621,51	999,41
621,70	1148,91
621,90	1128,43
622,09	1286,12
622,28	1361,90
622,47	1382,38
622,66	1406,95
622,85	1441,77
623,04	1415,15
623,24	1509,35
623,43	1335,28
623,62	1284,08
623,81	1404,91
624,00	1511,40
624,19	1492,97
624,38	1492,97
624,58	1419,24
624,77	1456,11
624,96	1376,24
625,15	1394,67
625,34	1277,93
625,53	1341,42
625,72	1222,64
625,91	1112,05
626,11	1120,24
626,30	1105,90
626,49	1011,70
626,68	1066,99
626,87	927,73
627,06	944,11
627,25	1001,46
627,44	1071,09
627,63	1075,18
627,83	1288,17
628,02	1216,49
628,21	1411,05
628,40	1640,42
628,59	1634,28
628,78	1796,07
628,97	1947,62
629,16	2023,39
629,35	2060,26
629,54	2283,49
629,73	2318,30
629,93	2295,77
630,12	2248,67
630,31	2240,48
630,50	2283,49
630,69	2453,47
630,88	2566,10
631,07	2404,32
631,26	2459,61
631,45	2344,92
631,64	2392,03
631,83	2564,06
632,02	2432,99
632,21	2170,85
632,41	2234,33
632,60	2119,65
632,79	1890,28
632,98	1804,26
633,17	1673,19
633,36	1562,60
633,55	1654,76
633,74	1601,51
633,93	1427,43
634,12	1421,29
634,31	1445,87
634,50	1654,76
634,69	1621,99
634,88	1787,88
635,07	1814,50
635,26	2041,82
635,45	2197,47
635,64	2338,78
635,83	2623,45
636,02	2758,61
636,22	3125,20
636,41	3133,39
636,60	3139,54
636,79	3293,13
636,98	3325,90
637,17	3393,48
637,36	3366,86
637,55	3342,28
637,74	3352,52
637,93	3416,01
638,12	3528,65
638,31	3346,38
638,50	3516,36
638,69	3362,76
638,88	3356,62
639,07	3403,72
639,26	3284,94
639,45	3059,67
639,64	3086,29
639,83	2779,09
640,02	2574,30
640,21	2322,40
640,40	2244,57
640,59	2035,68
640,78	2121,70
640,97	1998,82
641,16	1998,82
641,35	1945,57
641,54	1902,56
641,73	1982,43
641,92	2197,47
642,11	2166,75
642,30	2322,40
642,49	2742,23
642,68	2742,23
642,87	3098,58
643,06	3336,14
643,25	3672,01
643,44	3831,75
643,63	4298,69
643,82	4411,32
644,00	4544,44
644,19	4267,97
644,38	4513,72
644,57	4491,20
644,76	4306,88
644,95	4450,24
645,14	4435,90
645,33	4620,22
645,52	4607,93
645,71	4671,42
645,90	4601,79
646,09	4423,61
646,28	4736,95
646,47	4616,12
646,66	4380,61
646,85	4399,04
647,04	4040,64
647,23	3928,00
647,42	3469,26
647,61	3043,28
647,79	2916,31
647,98	2944,98
648,17	2645,98
648,36	2746,33
648,55	2320,35
648,74	2418,65
648,93	2332,64
649,12	2412,51
649,31	2521,05
649,50	2533,34
649,69	2713,56
649,88	2879,44
650,07	3145,68
650,25	3303,37
650,44	3645,38
650,63	3991,49
650,82	4192,19
651,01	4675,51
651,20	4995,00
651,39	5244,85
651,58	5197,74
651,77	5316,53
651,96	5406,64
652,14	5388,21
652,33	5341,10
652,52	5109,68
652,71	5273,52
652,90	5380,01
653,09	5539,76
653,28	5441,45
653,47	5437,36
653,66	5375,92
653,84	5343,15
654,03	5461,93
654,22	5433,26
654,41	5150,64
654,60	4837,30
654,79	4536,25
654,98	4413,37
655,17	3866,57
655,35	3375,05
655,54	3299,28
655,73	3160,02
655,92	3049,43
656,11	3112,91
656,30	2967,51
656,49	2852,82
656,68	2947,03
656,86	2936,79
657,05	2987,99
657,24	3110,86
657,43	3327,95
657,62	3749,83
657,81	3962,82
657,99	4505,53
658,18	4734,90
658,37	5220,27
658,56	5615,53
658,75	6268,83
658,94	6608,80
659,12	7036,82
659,31	7425,93
659,50	7346,06
659,69	7290,77
659,88	7329,68
660,07	7200,66
660,25	6969,24
660,44	7307,15
660,63	7180,18
660,82	7477,13
661,01	7907,21
661,20	7714,70
661,38	7622,54
661,57	7546,76
661,76	7364,50
661,95	7743,37
662,14	7610,25
662,32	7202,71
662,51	6797,21
662,70	6438,81
662,89	5689,26
663,08	5109,68
663,26	4476,86
663,45	4399,04
663,64	4251,58
663,83	3913,67
664,02	3651,53
664,20	3532,75
664,39	3340,24
664,58	3315,66
664,77	3217,36
664,96	3293,13
665,14	3428,30
665,33	3551,18
665,52	3809,22
665,71	3948,48
665,89	4366,27
666,08	4614,07
666,27	4974,52
666,46	5347,25
666,65	5691,31
666,83	6199,20
667,02	6551,45
667,21	6829,98
667,40	7038,87
667,58	7040,92
667,77	6948,76
667,96	7169,94
668,15	6952,85
668,33	6756,25
668,52	6514,59
668,71	6784,92
668,90	6956,95
669,08	7214,99
669,27	7229,33
669,46	7176,08
669,65	6887,32
669,83	6940,57
670,02	7079,83
670,21	6883,22
670,40	6746,01
670,58	6197,15
670,77	5957,54
670,96	5359,53
671,14	4665,27
671,33	4063,17
671,52	3618,76
671,71	3325,90
671,89	3268,56
672,08	3155,92
672,27	2885,59
672,46	2744,28
672,64	2506,71
672,83	2273,25
673,02	2226,14
673,20	2275,29
673,39	2240,48
673,58	2371,55
673,76	2473,95
673,95	2596,82
674,14	2629,59
674,33	2738,13
674,51	3176,40
674,70	3325,90
674,89	3612,62
675,07	3885,00
675,26	3917,76
675,45	4241,34
675,63	4292,54
675,82	4313,02
676,01	4421,56
676,20	4184,00
676,38	4349,89
676,57	4206,53
676,76	4065,22
676,94	4284,35
677,13	4243,39
677,32	4370,37
677,50	4335,55
677,69	4456,38
677,88	4415,42
678,06	4233,15
678,25	4290,49
678,44	4317,12
678,62	4220,86
678,81	4034,50
679,00	3831,75
679,18	3606,47
679,37	3350,48
679,56	2797,53
679,74	2432,99
679,93	2156,51
680,11	2082,78
680,30	1902,56
680,49	1693,67
680,67	1634,28
680,86	1490,92
681,05	1423,34
681,23	1275,88
681,42	1187,82
681,61	1214,45
681,79	1112,05
681,98	1159,15
682,16	1073,14
682,35	1107,95
682,54	1198,06
682,72	1150,96
682,91	1380,33
683,10	1351,66
683,28	1501,16
683,47	1515,50
683,65	1535,98
683,84	1662,95
684,03	1791,97
684,21	1920,99
684,40	1886,18
684,59	1794,02
684,77	1771,49
684,96	1834,98
685,14	1765,35
685,33	1681,38
685,52	1703,91
685,70	1742,82
685,89	1675,24
686,07	1884,13
686,26	1916,90
686,44	1783,78
686,63	1865,70
686,82	1660,90
687,00	1900,52
687,19	1732,58
687,37	1662,95
687,56	1544,17
687,75	1589,22
687,93	1511,40
688,12	1505,26
688,30	1058,80
688,49	1028,08
688,67	1069,04
688,86	966,64
689,05	845,81
689,23	903,15
689,42	694,26
689,60	647,16
689,79	587,77
689,97	534,52
690,16	577,53
690,35	421,88
690,53	464,89
690,72	499,70
690,90	448,51
691,09	450,55
691,27	448,51
691,46	464,89
691,64	339,96
691,83	329,72
692,01	376,83
692,20	425,98
692,38	372,73
692,57	403,45
692,76	444,41
692,94	331,77
693,13	387,07
693,31	368,63
693,50	382,97
693,68	395,26
693,87	432,12
694,05	393,21
694,24	333,82
694,42	307,20
694,61	428,03
694,79	417,79
694,98	321,53
695,16	282,62
695,35	415,74
695,53	335,87
695,72	366,59
695,90	307,20
696,09	339,96
696,27	370,68
696,46	446,46
696,64	339,96
696,83	286,72
697,01	391,16
697,20	417,79
697,38	278,52
697,57	356,35
697,75	327,68
697,94	296,96
698,12	239,61
698,31	331,77
698,49	342,01
698,68	264,19
698,86	319,48
699,05	421,88
699,23	313,34
699,42	253,95
699,60	385,02
699,79	358,39
699,97	350,20
700,15	501,75
700,34	419,83
700,52	368,63
700,71	317,44
700,89	401,40
701,08	462,84
701,26	436,22
701,45	468,98
701,63	491,51
701,82	428,03
702,00	430,07
702,18	477,18
702,37	425,98
702,55	374,78
702,74	374,78
702,92	491,51
703,11	483,32
703,29	448,51
703,48	374,78
703,66	493,56
703,84	423,93
704,03	462,84
704,21	485,37
704,40	487,42
704,58	393,21
704,77	446,46
704,95	542,71
705,13	481,27
705,32	374,78
705,50	434,17
705,69	544,76
705,87	473,08
706,05	511,99
706,24	440,31
706,42	440,31
706,61	514,04
706,79	520,18
706,97	505,85
707,16	559,10
707,34	493,56
707,53	509,94
707,71	557,05
707,89	481,27
708,08	509,94
708,26	505,85
708,45	442,36
708,63	503,80
708,81	522,23
709,00	567,29
709,18	577,53
709,37	532,47
709,55	530,42
709,73	573,43
709,92	589,82
710,10	501,75
710,28	616,44
710,47	614,39
710,65	565,24
710,83	638,97
711,02	716,79
711,20	671,73
711,39	724,98
711,57	684,02
711,75	802,80
711,94	743,41
712,12	825,33
712,30	800,76
712,49	767,99
712,67	960,50
712,85	944,11
713,04	942,07
713,22	870,39
713,40	950,26
713,59	858,10
713,77	856,05
713,95	911,35
714,14	825,33
714,32	880,63
714,50	868,34
714,69	880,63
714,87	813,04
715,05	1005,55
715,24	917,49
715,42	952,31
715,60	921,59
715,79	819,19
715,97	899,06
716,15	770,04
716,34	839,67
716,52	753,65
716,70	729,08
716,89	868,34
717,07	673,78
717,25	634,87
717,43	559,10
717,62	653,30
717,80	589,81
717,98	802,80
718,17	729,08
718,35	614,39
718,53	602,10
718,72	528,38
718,90	600,05
719,08	555,00
719,26	671,73
719,45	641,01
719,63	743,41
719,81	681,97
719,99	757,75
720,18	811,00
720,36	794,61
720,54	815,09
720,73	837,62
720,91	882,67
721,09	1005,55
721,27	1095,66
721,46	1206,25
721,64	1107,95
721,82	1175,53
722,00	1417,19
722,19	1560,55
722,37	1511,40
722,55	1558,50
722,73	1751,01
722,92	1890,28
723,10	1966,05
723,28	1937,38
723,46	2193,37
723,65	2140,13
723,83	2166,75
724,01	2285,53
724,19	2232,29
724,38	2211,81
724,56	2234,33
724,74	2183,13
724,92	2332,64
725,11	2238,43
725,29	2420,70
725,47	2215,90
725,65	2260,96
725,83	2512,86
726,02	2297,82
726,20	2285,53
726,38	2285,53
726,56	2273,25
726,75	2287,58
726,93	2146,27
727,11	2160,61
727,29	2242,53
727,47	2080,74
727,66	2133,98
727,84	1935,33
728,02	1814,50
728,20	1578,98
728,38	1585,13
728,57	1382,38
728,75	1525,74
728,93	1484,78
729,11	1466,35
729,29	1306,60
729,48	1382,38
729,66	1198,06
729,84	1179,63
730,02	1198,06
730,20	1271,79
730,38	1189,87
730,57	1239,02
730,75	1306,60
730,93	1271,79
731,11	1456,11
731,29	1406,95
731,47	1431,53
731,66	1576,94
731,84	1630,18
732,02	1832,93
732,20	1851,36
732,38	1839,08
732,56	2119,65
732,75	2101,22
732,93	2475,99
733,11	2394,08
733,29	2748,37
733,47	2877,40
733,65	3004,37
733,83	3084,24
734,02	3356,62
734,20	3456,97
734,38	3657,67
734,56	3706,82
734,74	3903,43
734,92	4108,23
735,10	4083,65
735,29	4018,11
735,47	3954,63
735,65	4030,40
735,83	3901,38
736,01	3930,05
736,19	3985,35
736,37	3925,96
736,55	3928,00
736,74	3870,66
736,92	3971,01
737,10	4083,65
737,28	4138,94
737,46	4075,46
737,64	3856,33
737,82	3825,61
738,00	3729,35
738,18	3780,55
738,37	3702,73
738,55	3641,29
738,73	3418,06
738,91	3383,24
739,09	3264,46
739,27	2912,21
739,45	2537,43
739,63	2193,37
739,81	2291,68
739,99	2136,03
740,17	2058,21
740,36	1941,47
740,54	1855,46
740,72	1777,64
740,90	1619,94
741,08	1552,36
741,26	1464,30
741,44	1437,67
741,62	1447,91
741,80	1413,10
741,98	1490,92
742,16	1535,98
742,34	1558,50
742,52	1722,34
742,70	1736,68
742,88	1734,63
743,07	1834,98
743,25	2125,79
743,43	2172,89
743,61	2224,09
743,79	2389,98
743,97	2516,95
744,15	2772,95
744,33	3033,04
744,51	3121,10
744,69	3258,32
744,87	3534,79
745,05	3727,30
745,23	3952,58
745,41	4310,97
745,59	4517,82
745,77	4616,12
745,95	4894,65
746,13	5101,49
746,31	5490,60
746,49	5427,12
746,67	5765,03
746,85	5824,42
747,03	5859,24
747,21	5785,51
747,39	5840,81
747,57	5693,35
747,75	5539,76
747,93	5785,51
748,11	5744,55
748,29	5947,30
748,47	5918,63
748,65	5945,25
748,83	6008,74
749,01	5949,35
749,19	5930,92
749,37	6014,88
749,55	5926,82
749,73	5760,94
749,91	5533,61
750,09	5578,67
750,27	5595,05
750,45	5668,78
750,63	5279,66
750,81	4949,94
750,99	4624,31
751,17	4018,11
751,35	3672,01
751,53	3297,23
751,71	3157,97
751,89	3061,71
752,07	2879,44
752,25	2723,80
752,43	2736,09
752,61	2469,85
752,79	2217,95
752,97	2088,93
753,15	2031,58
753,33	1892,32
753,51	1796,07
753,69	1857,51
753,86	1708,01
754,04	1828,84
754,22	1859,56
754,40	1906,66
754,58	1953,76
754,76	1939,43
754,94	2111,46
755,12	2183,13
755,30	2267,10
755,48	2297,82
755,66	2537,43
755,84	2639,83
756,02	2818,00
756,20	3078,10
756,38	3207,12
756,55	3393,48
756,73	3524,55
756,91	3772,36
757,09	4095,94
757,27	4265,92
757,45	4552,63
757,63	4913,08
757,81	5124,02
757,99	5177,26
758,17	5398,45
758,35	5762,98
758,52	5742,50
758,70	5752,74
758,88	5877,67
759,06	5935,01
759,24	5820,33
759,42	5832,62
759,60	5597,10
759,78	5605,29
759,96	5552,04
760,13	5676,97
760,31	5814,18
760,49	5662,63
760,67	5898,15
760,85	5711,78
761,03	6135,71
761,21	5943,21
761,39	5961,64
761,56	5846,95
761,74	5642,15
761,92	5533,61
762,10	5050,29
762,28	5474,22
762,46	5369,77
762,64	5195,70
762,82	5023,67
762,99	4814,77
763,17	4409,28
763,35	3751,88
763,53	3522,51
763,71	3166,16
763,89	2961,36
764,06	2875,35
764,24	2731,99
764,42	2625,50
764,60	2463,71
764,78	2385,88
764,96	2263,01
765,14	2166,75
765,31	2011,11
765,49	1961,95
765,67	1830,88
765,85	1775,59
766,03	1722,34
766,20	1812,45
766,38	1798,12
766,56	1976,29
766,74	1777,64
766,92	1927,14
767,10	2107,36
767,27	2047,97
767,45	2252,77
767,63	2365,40
767,81	2535,39
767,99	2678,74
768,16	2748,37
768,34	3172,30
768,52	3213,26
768,70	3411,92
768,88	3661,77
769,05	3852,23
769,23	4079,55
769,41	4261,82
769,59	4739,00
769,77	4845,49
769,94	5160,88
770,12	5623,72
770,30	5947,30
770,48	6057,89
770,65	6395,81
770,83	6686,62
771,01	7040,92
771,19	7092,12
771,37	7006,10
771,54	7155,60
771,72	7014,29
771,90	6684,57
772,08	6582,17
772,25	6614,94
772,43	6588,32
772,61	6707,10
772,79	6797,21
772,96	6700,95
773,14	6858,65
773,32	7057,30
773,50	7088,02
773,67	7081,88
773,85	7040,92
774,03	7131,03
774,21	6764,44
774,38	6674,33
774,56	6211,49
774,74	6133,67
774,92	6098,85
775,09	6242,21
775,27	6252,45
775,45	6076,32
775,62	5605,29
775,80	5007,28
775,98	4478,91
776,16	4011,97
776,33	3180,50
776,51	3227,60
776,69	2924,50
776,86	2717,65
777,04	2547,67
777,22	2486,23
777,40	2252,77
777,57	2033,63
777,75	1787,88
777,93	1546,22
778,10	1351,66
778,28	1089,52
778,46	911,35
778,64	884,72
778,81	718,84
778,99	755,70
779,17	643,06
779,34	577,53
779,52	567,29
779,70	600,05
779,87	561,14
780,05	514,04
780,23	501,75
780,40	477,18
780,58	505,85
780,76	468,98
780,93	505,85
781,11	608,25
781,29	452,60
781,46	415,74
781,64	620,53
781,82	423,93
781,99	456,70
782,17	546,81
782,35	497,66
782,52	643,06
782,70	559,10
782,88	530,42
783,05	555,00
783,23	645,11
783,41	620,53
783,58	636,92
783,76	729,08
783,93	667,64
784,11	770,04
784,29	729,08
784,46	741,36
784,64	718,84
784,82	661,49
784,99	759,80
785,17	708,60
785,35	698,36
785,52	653,30
785,70	632,82
785,87	806,90
786,05	638,97
786,23	665,59
786,40	714,74
786,58	743,41
786,75	675,83
786,93	661,49
787,11	645,11
787,28	712,69
787,46	729,08
787,64	657,40
787,81	743,41
787,99	702,45
788,16	741,36
788,34	688,12
788,51	602,10
788,69	722,93
788,87	671,73
789,04	491,51
789,22	684,02
789,39	731,12
789,57	585,72
789,75	579,58
789,92	624,63
790,10	569,34
790,27	542,71
790,45	493,56
790,62	489,46
790,80	499,70
790,98	452,60
791,15	358,39
791,33	485,37
791,50	415,74
791,68	468,98
791,85	321,53
792,03	471,03
792,20	393,21
792,38	380,92
792,56	415,74
792,73	360,44
792,91	370,68
793,08	481,27
793,26	329,72
793,43	462,84
793,61	346,11
793,78	331,77
793,96	374,78
794,13	419,83
794,31	415,74
794,48	366,59
794,66	352,25
794,84	210,94
795,01	268,28
795,19	335,87
795,36	387,07
795,54	311,29
795,71	450,55
795,89	319,48
796,06	264,19
796,24	389,11
796,41	360,44
796,59	350,20
796,76	382,97
796,94	321,53
797,11	417,79
797,29	337,91
797,46	354,30
797,64	385,02
797,81	325,63
797,99	419,83
798,16	471,03
798,34	438,27
798,51	446,46
798,69	413,69
798,86	475,13
799,04	344,06
799,21	491,51
799,39	436,22
799,56	479,22
799,73	485,37
799,91	352,25
800,08	479,22
800,26	372,73
800,43	536,57
800,61	423,93
800,78	452,60
800,96	475,13
801,13	471,03
801,31	481,27
801,48	485,37
801,66	591,86
801,83	446,46
802,00	477,18
802,18	593,91
802,35	436,22
802,53	501,75
802,70	542,71
802,88	462,84
803,05	452,60
803,23	370,68
803,40	444,41
803,57	464,89
803,75	376,83
803,92	397,31
804,10	503,80
804,27	407,55
804,45	417,79
804,62	466,94
804,79	477,18
804,97	333,82
805,14	358,39
805,32	485,37
805,49	407,55
805,66	413,69
805,84	325,63
806,01	354,30
806,19	460,79
806,36	315,39
806,53	444,41
806,71	206,84
806,88	313,34
807,06	325,63
807,23	333,82
807,40	247,80
807,58	282,62
807,75	378,87
807,93	292,86
808,10	321,53
808,27	272,38
808,45	380,92
808,62	331,77
808,79	296,96
808,97	364,54
809,14	409,59
809,32	268,28
809,49	405,50
809,66	450,55
809,84	376,83
810,01	360,44
810,18	391,16
810,36	389,11
810,53	329,72
810,70	344,06
810,88	348,15
811,05	356,35
811,23	315,39
811,40	260,09
811,57	344,06
811,75	358,39
811,92	266,24
812,09	350,20
812,27	323,58
812,44	292,86
812,61	337,91
812,79	360,44
812,96	342,01
813,13	311,29
813,31	253,95
813,48	382,97
813,65	319,48
813,83	288,76
814,00	292,86
814,17	362,49
814,35	309,24
814,52	221,18
814,69	303,10
814,86	337,91
815,04	315,39
815,21	221,18
815,38	319,48
815,56	366,59
815,73	249,85
815,90	182,27
816,08	368,63
816,25	274,43
816,42	335,87
816,59	290,81
816,77	407,55
816,94	350,20
817,11	342,01
817,29	270,33
817,46	276,48
817,63	284,67
817,80	354,30
817,98	200,70
818,15	432,12
818,32	360,44
818,50	421,88
818,67	385,02
818,84	296,96
819,01	385,02
819,19	423,93
819,36	366,59
819,53	321,53
819,70	309,24
819,88	268,28
820,05	280,57
820,22	294,91
820,39	245,76
820,57	331,77
820,74	276,48
820,91	313,34
821,08	325,63
821,26	389,11
821,43	294,91
821,60	354,30
821,77	313,34
821,94	389,11
822,12	456,70
822,29	350,20
822,46	335,87
822,63	305,15
822,81	346,11
822,98	352,25
823,15	362,49
823,32	339,96
823,49	180,22
823,67	280,57
823,84	337,91
824,01	264,19
824,18	229,37
824,36	264,19
824,53	268,28
824,70	225,28
824,87	229,37
825,04	221,18
825,22	221,18
825,39	206,84
825,56	278,52
825,73	223,23
825,90	215,04
826,07	231,42
826,25	260,09
826,42	176,13
826,59	126,97
826,76	178,17
826,93	249,85
827,11	284,67
827,28	180,22
827,45	231,42
827,62	303,10
827,79	231,42
827,96	241,66
828,14	245,76
828,31	268,28
828,48	233,47
828,65	212,99
828,82	253,95
828,99	270,33
829,17	247,80
829,34	178,17
829,51	270,33
829,68	344,06
829,85	225,28
830,02	292,86
830,19	262,14
830,37	292,86
830,54	278,52
830,71	303,10
830,88	178,17
831,05	337,91
831,22	262,14
831,39	155,65
831,56	161,79
831,74	329,72
831,91	292,86
832,08	253,95
832,25	256,00
832,42	260,09
832,59	245,76
832,76	221,18
832,93	208,89
833,10	270,33
833,28	278,52
833,45	290,81
833,62	249,85
833,79	278,52
833,96	233,47
834,13	208,89
834,30	229,37
834,47	256,00
834,64	278,52
834,81	190,46
834,99	241,66
835,16	167,93
835,33	321,53
835,50	333,82
835,67	337,91
835,84	288,76
836,01	196,61
836,18	241,66
836,35	309,24
836,52	165,89
836,69	198,65
836,86	210,94
837,03	274,43
837,20	268,28
837,38	241,66
837,55	200,70
837,72	163,84
837,89	172,03
838,06	225,28
838,23	249,85
838,40	286,72
838,57	264,19
838,74	174,08
838,91	253,95
839,08	178,17
839,25	294,91
839,42	196,61
839,59	139,26
839,76	247,80
839,93	161,79
840,10	167,93
840,27	159,74
840,44	161,79
840,61	225,28
840,78	184,32
840,95	174,08
841,12	196,61
841,29	210,94
841,46	153,60
841,63	153,60
841,80	231,42
841,97	227,32
842,14	182,27
842,31	212,99
842,48	180,22
842,65	204,80
842,82	159,74
842,99	217,08
843,16	237,56
843,33	241,66
843,50	260,09
843,67	200,70
843,84	188,41
844,01	198,65
844,18	210,94
844,35	184,32
844,52	276,48
844,69	284,67
844,86	247,80
845,03	303,10
845,20	212,99
845,37	237,56
845,54	301,05
845,71	223,23
845,88	288,76
846,05	286,72
846,22	237,56
846,39	286,72
846,56	198,65
846,73	430,07
846,90	284,67
847,07	409,59
847,24	370,68
847,41	327,67
847,58	395,26
847,75	405,50
847,91	327,68
848,08	342,01
848,25	290,81
848,42	362,49
848,59	247,80
848,76	483,32
848,93	389,11
849,10	471,03
849,27	458,75
849,44	456,70
849,61	333,82
849,78	436,22
849,95	440,31
850,11	397,31
850,28	419,83
850,45	389,11
850,62	423,93
850,79	325,63
850,96	528,38
851,13	403,45
851,30	452,60
851,47	460,79
851,64	395,26
851,81	430,07
851,97	425,98
852,14	331,77
852,31	391,16
852,48	401,40
852,65	481,27
852,82	442,36
852,99	542,71
853,16	393,21
853,32	462,84
853,49	466,94
853,66	421,88
853,83	501,75
854,00	380,92
854,17	503,80
854,34	497,66
854,51	456,70
854,67	425,98
854,84	503,80
855,01	280,57
855,18	352,25
855,35	346,11
855,52	423,93
855,69	419,83
855,85	358,39
856,02	448,51
856,19	342,01
856,36	313,34
856,53	354,30
856,70	337,91
856,86	344,06
857,03	411,64
857,20	282,62
857,37	335,87
857,54	321,53
857,71	296,96
857,87	239,61
858,04	354,30
858,21	270,33
858,38	284,67
858,55	329,72
858,72	272,38
858,88	395,26
859,05	311,29
859,22	342,01
859,39	260,09
859,56	284,67
859,72	264,19
859,89	286,72
860,06	307,20
860,23	399,35
860,40	415,74
860,56	378,87
860,73	323,58
860,90	362,49
861,07	448,51
861,24	415,74
861,40	374,78
861,57	448,51
861,74	440,31
861,91	450,55
862,07	434,17
862,24	387,07
862,41	477,18
862,58	546,81
862,74	485,37
862,91	600,05
863,08	511,99
863,25	466,94
863,42	583,67
863,58	555,00
863,75	671,73
863,92	579,58
864,09	710,65
864,25	595,96
864,42	686,07
864,59	888,82
864,76	673,78
864,92	745,46
865,09	796,66
865,26	876,53
865,43	851,96
865,59	886,77
865,76	1122,29
865,93	1107,95
866,09	907,25
866,26	1132,53
866,43	997,36
866,60	1019,89
866,76	1120,24
866,93	1226,73
867,10	1196,01
867,26	1132,53
867,43	1148,91
867,60	1159,15
867,77	1296,36
867,93	1263,60
868,10	1204,21
868,27	1247,21
868,43	1173,49
868,60	1247,21
868,77	1339,37
868,94	1243,12
869,10	1222,64
869,27	1261,55
869,44	1388,52
869,60	1275,88
869,77	1167,34
869,94	1255,40
870,10	1222,64
870,27	1267,69
870,44	1300,46
870,60	1220,59
870,77	1234,93
870,94	1191,92
871,10	1159,15
871,27	1189,87
871,44	1333,23
871,60	1120,24
871,77	1021,94
871,94	1079,28
872,10	1173,49
872,27	1114,09
872,44	1021,94
872,60	1062,90
872,77	1198,06
872,94	1064,94
873,10	1138,67
873,27	1023,98
873,44	964,59
873,60	851,96
873,77	907,25
873,93	749,56
874,10	714,74
874,27	694,26
874,43	641,01
874,60	708,60
874,77	729,08
874,93	679,93
875,10	620,53
875,26	577,53
875,43	684,02
875,60	536,57
875,76	559,10
875,93	446,46
876,09	516,09
876,26	458,74
876,43	423,93
876,59	401,40
876,76	319,48
876,93	434,17
877,09	368,63
877,26	354,30
877,42	215,04
877,59	305,15
877,75	344,06
877,92	243,71
878,09	358,39
878,25	352,25
878,42	387,07
878,58	450,55
878,75	436,22
878,92	385,02
879,08	348,15
879,25	395,26
879,41	378,87
879,58	339,96
879,74	311,29
879,91	303,10
880,08	540,66
880,24	348,15
880,41	483,32
880,57	473,08
880,74	444,41
880,90	399,35
881,07	471,03
881,23	516,09
881,40	528,38
881,56	538,62
881,73	548,86
881,90	579,58
882,06	540,66
882,23	653,30
882,39	530,42
882,56	589,82
882,72	614,39
882,89	710,65
883,05	671,73
883,22	706,55
883,38	727,03
883,55	751,60
883,71	821,24
883,88	804,85
884,04	851,96
884,21	798,71
884,37	784,37
884,54	806,90
884,70	937,97
884,87	978,93
885,03	1050,61
885,20	974,83
885,36	1054,70
885,53	1167,34
885,69	1128,43
885,86	1075,18
886,02	1239,02
886,19	1228,78
886,35	1366,00
886,52	1355,76
886,68	1206,25
886,85	1372,14
887,01	1335,28
887,18	1345,52
887,34	1236,97
887,51	1392,62
887,67	1290,22
887,84	1349,61
888,00	1292,27
888,17	1273,84
888,33	1234,93
888,50	1292,27
888,66	1212,40
888,82	1271,79
